TMG 1.0 collapsed
31 31
CG4@CS420 42.53724 1.482553
CG6@AND/ESP 42.495422 1.443629
CG6@CS600 42.483618 1.458478
CG2@AveEnc 42.543706 1.733716
CG2@CS240 42.565882 1.59658
CG2@CS270 42.58358 1.663227
CG1/N145@AND/ESP 42.435299 1.472795
CG1/CG2 42.506512 1.534202
CG3@CS340 42.555641 1.532936
CG3@CS360 42.582284 1.51916
CG1/CG3A 42.503664 1.519353
CG3@CS370 42.622655 1.53491
CG3@CS380 42.631607 1.481405
CG1/CG6 42.47656 1.490536
CG2/N22@AND/FRA 42.543501 1.735582
CG1@PratTre 42.484536 1.491694
CG4@AND/ESP 42.546251 1.419382
CG2/CG3 42.517963 1.555402
CG2/TunEnv 42.55161 1.695457
CG4@CamiCar 42.543754 1.472318
CG3/CG3A 42.530378 1.520405
CG3/CG4 42.547263 1.513796
CG5@CS510 42.57075 1.486716
CG2@CS220 42.535311 1.588168
CG5@CS520/530 42.578176 1.478777
CG3A@AviConEur 42.50996 1.533719
CG4/CG5 42.561457 1.496587
CG3A@AviDocMit 42.510498 1.533258
TunEnv/N22 42.549097 1.737857
CG3A@AviFitRos 42.519482 1.523892
CG3A@BaiMoli 42.505412 1.51827
10 15 CG1
15 13 CG1
26 22 CG5
13 6 CG1
22 24 CG5
7 17 CG2
13 2 CG6
17 23 CG2
2 1 CG6
23 4 CG2
4 5 CG2
5 18 CG2
3 18 CG2 42.548907 1.732321 42.537398 1.726871 42.543564 1.727686 42.537556 1.720047 42.549919 1.703739 42.542267 1.705112
0 16 CG4 42.533603 1.466374 42.560003 1.44599
3 14 CG2
17 20 CG3
20 21 CG3
21 8 CG3
8 9 CG3
26 19 CG4
9 11 CG3 42.620792 1.542764
10 30 CG3A
30 25 CG3A
25 27 CG3A
12 11 CG3 42.632254 1.495943 42.627281 1.493282 42.631749 1.500149 42.631654 1.515427
27 29 CG3A
29 20 CG3A
21 26 CG4
18 28 TunEnv 42.545192 1.701443 42.544228 1.727514
19 0 CG4
7 10 CG1